18578191207577
18578327660441
19838118085273
23990911500569
26002129917849
27693101934873
27782317068185
29021514043161
360039628851
360039633251
360039633271
360039701292
360039701312
360039701332
360039701652
360039701852
360039701952
360039702392
360039702532
360039702552
360039702572
360039702912
360039702952
360039703032
360039703072
360039703132
360040107831
360040107931
360040107951
360040108051
360040108231
360040108291
360040108631
360040108671
360040108711
360040108791
360040109231
360040109391
360040109431
360040109451
360043006972
360043006992
360044531052
360044749892
360044976011
360045150391
360045320792
360045504491
360045584291
360045815151
360045891752
360047933532
360047934932
360048426071
360049264532
360049340532
360049956152
360050746511
360051107792
360051108432
360051567631
360052244371
360052507732
360052507892
360053582411
360053825652
360054013152
360054013192
360054516971
360054517011
360054973111
360054976831
4407125626649
4407173912217
4407176608281
900004398726
900005307206
900005515186
900005516026
900005602386
900006365223
900006392583
900006446323
900006616363
