
10334678994457
10334970171289
10473041687833
10486796577945
10547196625305
10548065606297
10548324089369
10548826076569
10703332523161
11113376682649
11148159355161
11254937562393
11260159641497
11447937884953
13527190327961
14906082562713
4402036803737
4403408937625
4403532909849
4403838217625
4404884007577
4404946245785
4404946330521
4404958896537
4405687443993
4406041352217
4406466640153
4406467392409
4406500779289
4406940836761
4407741800729
4408345120153
4409264055577
4410273721241
4413783645977
4413794240665
4413892927385
4610848848921
5561421864217
5954036020377
6247173281945
7062781085209
7062837312537
7062993778201
7063065318041
7064408802585
7066128060953
7323746694553
8206644664345
900001838686
900001838706
900001838726
900001838746
900001838786
900001838806
900001838826
900001838846
900001838866
900001838886
900001838946
900001838966
900001839006
900001839046
900001839066
900001839086
900001839526
900001839566
900001839626
900001839646
900001839666
900001839706
900001839726
900001839746
900001839766
900001839786
900001839806
900001839826
900001839846
900001839866
900001839886
900001839926
900001839946
900001839966
900001839986
900001840006
900001840026
900001840046
900001840066
900001840086
900001845563
900001845583
900001845603
900001845623
900001845643
900001845703
900001845723
900001845763
900001846503
900001846583
900001846643
900001846723
900001846743
900001846763
900001846783
900001846803
900001846823
900001846843
900001846863
900001846883
900001846903
900001846923
900001846943
900001846963
900001846983
900001847023
900001847043
900001847063
900001847083
900002377523
900002448126
900002608723
900002608783
900002608883
900002620946
900002669086
900002669146
900002669186
900002669326
900002669366
900002789846
900002958146
900002965646
900002966206
900003052466
900003401486
900003498746
900003577386
900003690786
900003697746
900003697826
900003697906
900003697986
900003798026
900003837946
900003837986
900003993246
900004182226
900004194446
900004200683
900004322843
900004599823
900004599923
900004754983
900004875106
900004878706
900004879046
900004879166
900004942503
900005072123
900005133463
900005245103
900005604906
900005822163
900005825063
900005827803
900005827923
900005851746
900006128746
900006151326
900006191163
900006401106
900006496263
900006645246
900006708366
900006755026
900007093323
