16028906831001
16065763268121
16066026533401
16066464633753
16069253509657
16356100763801
17459455704217
17459519565721
17459560500249
17464105239065
17464915796377
17465117233561
17465208368409
17618154938521
17851805732249
17995886074265
18574608432537
18578046297625
18579282511385
18611701109401
18614884773529
18615763378713
18617104088217
18641902050969
18649815228953
18654016223129
18655173928601
18801072944409
18840561150617
18841847677081
19054880558873
19835220366105
20133743596825
20158237791513
21048838316185
21048930691993
21312330222361
22189033513497
22363456822169
22366529166489
22368600828441
22712191806489
22731028063257
22732032302233
22732446250137
22737620036121
22740878604953
22873655605273
22970100077081
23389787050137
23390138932889
23391432308505
23393299857817
23394301218713
23418997268121
23420950307097
23421794883865
23429409194009
23646206006553
24170120013593
24229895782297
24401903843481
24445862946585
24447604343961
24481628341913
25814228316185
25829526216985
26021713597977
26371929670297
26585552686617
29603418716185
29633548177433
33903683762585
360029783212
360029783892
360029784032
360029784092
360029784112
360029784332
360029784352
360029784372
360029784392
360029784432
360029784452
360029784472
360029784492
360029784512
360029784532
360030120211
360030120231
360030120291
360030120311
360030120351
360030120551
360030120571
360030120611
360030120651
360030120671
360030120711
360030120751
360030120791
360030120811
360030120851
360030120871
360030120911
360030120971
360030481631
360030765972
360030766732
360030890992
360030891032
360030891272
360030891312
360030920892
360030920912
360030920932
360030920952
360030920972
360030920992
360030921012
360030921032
360030921072
360030921092
360030921112
360030921152
360030921172
360030921192
360030921252
360030921312
360030921352
360030921372
360030921452
360030921492
360030921512
360030921552
360030921572
360030921652
360030921692
360030921832
360031008412
360031013972
360031013992
360031014032
360031014052
360031014092
360031014112
360031014132
360031014172
360031014192
360031106811
360031106831
360031106911
360031218772
360031219512
360031219732
360031233511
360031233691
360031233751
360031233771
360031233811
360031233871
360031261331
360031261351
360031261371
360031261391
360031261411
360031261431
360031261451
360031261491
360031261531
360031261591
360031261651
360031261671
360031261691
360031261791
360031261831
360031261891
360031261911
360031262031
360031333692
360031349711
360031356311
360031356391
360031356431
360031356451
360031356491
360031356531
360031402111
360031499471
360031499531
360031577931
360031578231
360031579111
360031579251
360031621971
360031622191
360032509272
360032509292
360032509512
360032760232
360032765411
360032859771
360032859791
360032859831
360032859851
360032859871
360033095172
360033279391
360033863272
360033995272
360034265472
360034949712
360035172172
360035172712
360035173372
360035320731
360035541051
360036496491
360037837211
360038719172
360039115771
360039317211
360041258712
360041382852
360041386332
36968163137689
37361572227481
38175902085657
42854934615833
4402042573081
4403037733401
4403302129433
4403651858585
4403660882329
4404331126681
4404558176409
4404883508249
4405857389081
4407270322713
4407275884697
4407831276057
4408067776793
4408069175321
4408684819225
4410382977177
4410914664217
4412148010905
4412635094681
4412875354777
4415672421529
4416121704601
4416651349529
4498583849497
4574763082777
5736843496857
6123913692953
7153106293529
8508342403737
900000574786
900000691923
900000742803
900001608143
900001848883
900002039326
900002294426
900002372503
900002397026
900002434706
900002620566
900002681286
900002865403
900002942086
900002972563
900003099246
900003401586
900003491086
900003853686
900004442586
900004686503
900004833443
900004959503
900004988883
900005000363
900005246886
900005387083
900005656183
900006013766
900006405723
900006651626
900006655546
900007211663
900007327343
900007711183
9762240341913
